120
0	4
1	4
2	1
2	2
2	3
2	4
2	5
2	6
2	7
2	8
3	0
3	1
3	2
3	3
3	4
3	5
3	6
3	7
3	8
3	9
3	10
3	11
4	1
4	2
4	3
4	4
4	5
4	6
4	7
4	8
4	9
4	10
5	0
5	1
5	2
5	3
5	4
5	5
5	6
5	7
5	8
5	9
6	1
6	2
6	3
6	5
6	6
6	7
6	8
6	9
6	10
7	0
7	1
7	2
7	3
7	5
7	6
7	7
7	8
7	9
7	10
7	11
8	1
8	2
8	3
8	4
8	5
8	6
8	7
8	8
8	9
9	0
9	1
9	2
9	3
9	4
9	5
9	6
9	7
9	8
9	9
10	1
10	2
10	3
10	4
10	5
10	6
10	7
10	8
10	9
11	0
11	1
11	2
11	3
11	4
11	5
11	6
11	7
11	8
11	9
12	1
12	2
12	3
12	4
12	5
12	6
12	7
12	8
12	9
13	1
13	2
13	3
13	4
13	5
13	6
13	9
14	3
14	4
14	5
14	9
246
0	1	0.0625	4.5
1	0	0.0625	4.5
1	5	0.0625	4.5
2	11	0.0625	4.5
3	2	0.0625	4.5
4	3	0.0625	4.5
4	13	0.0625	3.0
5	1	0.0625	4.5
5	4	0.0625	4.5
5	14	0.0625	3.0
6	5	0.0625	4.5
7	6	0.0625	4.5
8	7	0.0625	4.5
8	17	0.0625	2.0
8	9	0.0625	4.5
9	18	0.0625	4.5
10	11	0.0625	4.5
11	10	0.0625	4.5
11	22	0.0625	4.5
11	12	0.0625	3.0
12	3	0.0625	3.0
12	13	0.0625	3.0
13	4	0.0625	3.0
13	14	0.0625	3.0
13	24	0.0625	2.0
14	15	0.0625	3.0
14	25	0.0625	3.0
15	6	0.0625	3.0
15	16	0.0625	3.0
16	17	0.0625	3.0
16	27	0.0625	3.0
17	8	0.0625	3.0
17	18	0.0625	3.0
17	28	0.0625	2.0
18	29	0.0625	3.0
19	18	0.0625	4.5
19	20	0.0625	4.5
20	19	0.0625	4.5
20	21	0.0625	4.5
21	20	0.0625	4.5
22	23	0.0625	3.0
22	33	0.0625	3.0
23	12	0.0625	3.0
23	22	0.0625	3.0
23	24	0.0625	2.0
24	13	0.0625	2.0
24	23	0.0625	2.0
24	25	0.0625	2.0
24	35	0.0625	2.0
25	24	0.0625	2.0
25	26	0.0625	2.0
25	36	0.0625	3.0
26	15	0.0625	3.0
26	25	0.0625	2.0
26	27	0.0625	2.0
27	26	0.0625	2.0
27	28	0.0625	2.0
27	38	0.0625	3.0
28	17	0.0625	2.0
28	27	0.0625	2.0
28	29	0.0625	2.0
28	39	0.0625	2.0
29	28	0.0625	2.0
29	30	0.0625	3.0
29	40	0.0625	4.5
30	19	0.0625	4.5
30	29	0.0625	3.0
30	31	0.0625	4.5
31	30	0.0625	4.5
32	33	0.0625	4.5
33	32	0.0625	4.5
33	42	0.0625	4.5
34	23	0.0625	3.0
34	33	0.0625	3.0
35	24	0.0625	2.0
35	34	0.0625	3.0
35	44	0.0625	2.0
36	35	0.0625	3.0
37	26	0.0625	3.0
37	36	0.0625	3.0
38	37	0.0625	3.0
38	46	0.0625	3.0
39	28	0.0625	2.0
39	38	0.0625	3.0
39	47	0.0625	2.0
40	39	0.0625	3.0
40	48	0.0625	3.0
41	30	0.0625	4.5
41	40	0.0625	3.0
42	43	0.0625	3.0
42	52	0.0625	3.0
43	34	0.0625	3.0
43	44	0.0625	3.0
44	35	0.0625	2.0
44	54	0.0625	2.0
45	46	0.0625	3.0
46	47	0.0625	3.0
46	56	0.0625	3.0
47	39	0.0625	2.0
47	48	0.0625	3.0
47	57	0.0625	2.0
48	49	0.0625	3.0
48	58	0.0625	3.0
49	50	0.0625	4.5
49	41	0.0625	4.5
50	60	0.0625	4.5
51	52	0.0625	4.5
52	51	0.0625	4.5
52	62	0.0625	4.5
53	43	0.0625	3.0
53	54	0.0625	3.0
54	44	0.0625	2.0
54	53	0.0625	3.0
54	64	0.0625	2.0
55	45	0.0625	3.0
56	55	0.0625	3.0
56	67	0.0625	3.0
57	47	0.0625	2.0
57	56	0.0625	3.0
57	68	0.0625	2.0
58	57	0.0625	3.0
58	69	0.0625	3.0
59	49	0.0625	3.0
59	58	0.0625	4.5
60	59	0.0625	4.5
60	61	0.0625	4.5
61	60	0.0625	4.5
62	63	0.0625	3.0
62	72	0.0625	4.5
63	53	0.0625	3.0
63	64	0.0625	3.0
64	54	0.0625	2.0
64	65	0.0625	3.0
64	74	0.0625	2.0
65	66	0.0625	3.0
65	75	0.0625	3.0
66	55	0.0625	3.0
66	67	0.0625	3.0
67	68	0.0625	3.0
67	77	0.0625	3.0
68	57	0.0625	2.0
68	69	0.0625	3.0
68	78	0.0625	2.0
69	70	0.0625	3.0
69	79	0.0625	3.0
70	59	0.0625	4.5
71	72	0.0625	4.5
72	71	0.0625	4.5
72	81	0.0625	4.5
73	72	0.0625	3.0
73	63	0.0625	3.0
74	64	0.0625	2.0
74	73	0.0625	3.0
74	83	0.0625	2.0
75	74	0.0625	3.0
75	84	0.0625	3.0
76	66	0.0625	3.0
76	75	0.0625	3.0
77	76	0.0625	3.0
77	86	0.0625	3.0
78	68	0.0625	2.0
78	77	0.0625	3.0
78	87	0.0625	2.0
79	78	0.0625	3.0
79	88	0.0625	3.0
80	79	0.0625	3.0
80	70	0.0625	4.5
81	82	0.0625	3.0
81	91	0.0625	4.5
82	73	0.0625	3.0
82	83	0.0625	3.0
83	74	0.0625	2.0
83	84	0.0625	3.0
83	93	0.0625	2.0
84	85	0.0625	3.0
84	94	0.0625	3.0
85	76	0.0625	3.0
85	86	0.0625	3.0
86	87	0.0625	3.0
86	96	0.0625	3.0
87	78	0.0625	2.0
87	88	0.0625	3.0
87	97	0.0625	2.0
88	89	0.0625	3.0
88	98	0.0625	3.0
89	80	0.0625	4.5
90	91	0.0625	4.5
91	90	0.0625	4.5
91	92	0.0625	3.0
91	100	0.0625	4.5
92	82	0.0625	3.0
92	91	0.0625	3.0
92	93	0.0625	2.0
93	83	0.0625	2.0
93	92	0.0625	2.0
93	94	0.0625	2.0
93	102	0.0625	2.0
94	93	0.0625	2.0
94	95	0.0625	2.0
94	103	0.0625	3.0
95	85	0.0625	3.0
95	94	0.0625	2.0
95	96	0.0625	2.0
96	95	0.0625	2.0
96	97	0.0625	2.0
96	105	0.0625	3.0
97	87	0.0625	2.0
97	96	0.0625	2.0
97	98	0.0625	2.0
97	106	0.0625	2.0
98	97	0.0625	2.0
98	99	0.0625	2.0
98	107	0.0625	3.0
99	89	0.0625	4.5
99	98	0.0625	3.0
100	101	0.0625	4.5
101	92	0.0625	3.0
101	102	0.0625	4.5
101	110	0.0625	4.5
102	93	0.0625	3.0
103	102	0.0625	3.0
103	112	0.0625	3.0
104	95	0.0625	3.0
104	103	0.0625	3.0
105	104	0.0625	3.0
105	106	0.0625	4.5
106	97	0.0625	3.0
106	107	0.0625	4.5
107	108	0.0625	4.5
108	99	0.0625	4.5
108	115	0.0625	4.5
109	110	0.0625	4.5
110	109	0.0625	4.5
110	111	0.0625	4.5
111	102	0.0625	3.0
111	116	0.0625	4.5
112	117	0.0625	3.0
113	104	0.0625	3.0
113	114	0.0625	4.5
114	105	0.0625	4.5
115	108	0.0625	4.5
115	119	0.0625	4.5
116	117	0.0625	4.5
117	118	0.0625	4.5
118	113	0.0625	4.5
119	115	0.0625	4.5
5
7	65
18	98
10	61
2	119
81	38